datetime,start_frame,end_frame,num_tail_detections,num_tails_upright,num_tails_hanging,num_pig_detections,num_pigs_lying,num_pigs_notLying,activity,posture_diff
2022-05-11 00:00:00,1800.0,1801.0,1.3948903082477089,0.8526450171536877,0.14735498284631232,7.640655373507359,6.038044987503471,1.6026103860038878,0.1201638888888889,0.7052900343073754
2022-05-11 01:00:00,1800.0,1801.0,1.404158567064704,0.8507677697862416,0.14923223021375837,7.652006387114691,6.038389220586874,1.6136171665278163,0.12094704861111112,0.7015355395724833
2022-05-11 02:00:00,1800.0,1801.0,1.4134268258816993,0.8488905224187956,0.15110947758120444,7.663357400722021,6.038733453670277,1.624623947051745,0.12173020833333335,0.6977810448375912
2022-05-11 03:00:00,1800.0,1801.0,1.4226950846986948,0.8470132750513495,0.15298672494865048,7.674708414329353,6.0390776867536795,1.6356307275756734,0.12251336805555557,0.6940265501026991
2022-05-11 04:00:00,1800.0,1801.0,1.43196334351569,0.8451360276839035,0.15486397231609653,7.6860594279366845,6.039421919837082,1.646637508099602,0.12329652777777779,0.6902720553678069
2022-05-11 05:00:00,1800.0,1801.0,1.4412316023326852,0.8432587803164574,0.15674121968354257,7.697410441544015,6.039766152920485,1.6576442886235305,0.12407968750000001,0.6865175606329148
2022-05-11 06:00:00,1800.0,1801.0,1.4504998611496807,0.8413815329490114,0.15861846705098864,7.708761455151347,6.040110386003888,1.668651069147459,0.12486284722222224,0.6827630658980227
2022-05-11 07:00:00,1800.0,1801.0,1.4597681199666759,0.8395042855815653,0.1604957144184347,7.720112468758678,6.04045461908729,1.6796578496713876,0.12564600694444444,0.6790085711631306
2022-05-11 08:00:00,1800.0,1801.0,1.469036378783671,0.8376270382141192,0.16237296178588073,7.731463482366009,6.040798852170694,1.690664630195316,0.12642916666666668,0.6752540764282385
2022-05-11 09:00:00,1800.0,1801.0,1.4783046376006663,0.8357497908466732,0.1642502091533268,7.742814495973341,6.041143085254096,1.7016714107192448,0.1272123263888889,0.6714995816933464
2022-05-11 10:00:00,1800.0,1801.0,1.4875728964176615,0.8338725434792271,0.16612745652077285,7.754165509580672,6.041487318337499,1.7126781912431732,0.1279954861111111,0.6677450869584544
2022-05-11 11:00:00,1800.0,1801.0,1.496841155234657,0.8319952961117811,0.1680047038882189,7.765516523188003,6.041831551420901,1.7236849717671017,0.12877864583333334,0.6639905922235622
2022-05-11 12:00:00,1800.0,1801.0,1.5061094140516522,0.830118048744335,0.16988195125566496,7.776867536795335,6.0421757845043045,1.7346917522910303,0.12956180555555558,0.6602360974886701
2022-05-11 13:00:00,1800.0,1801.0,1.5153776728686474,0.828240801376889,0.171759198623111,7.788218550402666,6.042520017587707,1.7456985328149588,0.13034496527777778,0.656481602753778
2022-05-11 14:00:00,1800.0,1801.0,1.5246459316856429,0.826363554009443,0.17363644599055705,7.799569564009997,6.042864250671109,1.7567053133388875,0.131128125,0.6527271080188859
2022-05-11 15:00:00,1800.0,1801.0,1.533914190502638,0.8244863066419968,0.1755136933580031,7.8109205776173285,6.043208483754513,1.767712093862816,0.13191128472222224,0.6489726132839938
2022-05-11 16:00:00,1800.0,1801.0,1.5431824493196333,0.8226090592745509,0.17739094072544917,7.82227159122466,6.043552716837915,1.7787188743867444,0.13269444444444445,0.6452181185491017
2022-05-11 17:00:00,1800.0,1801.0,1.5524507081366286,0.8207318119071048,0.17926818809289521,7.833622604831991,6.043896949921318,1.789725654910673,0.13347760416666668,0.6414636238142095
2022-05-11 18:00:00,1800.0,1801.0,1.5617189669536238,0.8188545645396588,0.18114543546034126,7.844973618439322,6.044241183004721,1.8007324354346015,0.1342607638888889,0.6377091290793174
2022-05-11 19:00:00,1800.0,1801.0,1.5709872257706192,0.8169773171722127,0.18302268282778733,7.856324632046654,6.044585416088124,1.8117392159585302,0.13504392361111112,0.6339546343444253
2022-05-11 20:00:00,1800.0,1801.0,1.5802554845876144,0.8151000698047667,0.18489993019523338,7.867675645653985,6.044929649171526,1.8227459964824586,0.13582708333333335,0.6302001396095332
2022-05-11 21:00:00,1800.0,1801.0,1.5895237434046097,0.8132228224373206,0.18677717756267942,7.879026659261316,6.0452738822549295,1.833752777006387,0.13661024305555558,0.6264456448746412
2022-05-11 22:00:00,1800.0,1801.0,1.5987920022216051,0.8113455750698745,0.18865442493012546,7.890377672868648,6.045618115338332,1.8447595575303157,0.13739340277777778,0.6226911501397491
2022-05-11 23:00:00,1800.0,1801.0,1.6080602610386003,0.8094683277024285,0.19053167229757154,7.901728686475979,6.045962348421734,1.8557663380542442,0.13817656250000002,0.618936655404857
2022-05-12 00:00:00,1800.0,1801.0,1.6173285198555956,0.8075910803349824,0.19240891966501758,7.91307970008331,6.046306581505137,1.8667731185781729,0.13895972222222225,0.6151821606699648
2022-05-12 01:00:00,1800.0,1801.0,1.6265967786725908,0.8057138329675364,0.19428616703246362,7.924430713690642,6.04665081458854,1.8777798991021013,0.13974288194444445,0.6114276659350727
2022-05-12 02:00:00,1800.0,1801.0,1.635865037489586,0.8038365856000903,0.1961634143999097,7.9357817272979725,6.046995047671943,1.8887866796260298,0.14052604166666668,0.6076731712001806
2022-05-12 03:00:00,1800.0,1801.0,1.6451332963065814,0.8019593382326443,0.19804066176735574,7.947132740905304,6.047339280755345,1.8997934601499584,0.1413092013888889,0.6039186764652885
2022-05-12 04:00:00,1800.0,1801.0,1.6544015551235767,0.8000820908651982,0.19991790913480179,7.958483754512636,6.047683513838749,1.9108002406738869,0.14209236111111112,0.6001641817303964
2022-05-12 05:00:00,1800.0,1801.0,1.663669813940572,0.7982048434977521,0.20179515650224783,7.969834768119966,6.048027746922151,1.9218070211978153,0.14287552083333335,0.5964096869955043
2022-05-12 06:00:00,1800.0,1801.0,1.6729380727575673,0.7963275961303061,0.2036724038696939,7.981185781727298,6.0483719800055535,1.932813801721744,0.14365868055555556,0.5926551922606123
2022-05-12 07:00:00,1800.0,1801.0,1.6822063315745626,0.79445034876286,0.20554965123713995,7.99253679533463,6.048716213088957,1.9438205822456724,0.1444418402777778,0.58890069752572
2022-05-12 08:00:00,1800.0,1801.0,1.6914745903915578,0.792573101395414,0.207426898604586,8.003887808941961,6.049060446172359,1.9548273627696011,0.14522500000000002,0.585146202790828
2022-05-12 09:00:00,1800.0,1801.0,1.700742849208553,0.7906958540279679,0.20930414597203206,8.015238822549293,6.049404679255762,1.9658341432935296,0.14600815972222222,0.5813917080559359
2022-05-12 10:00:00,1800.0,1801.0,1.7100111080255482,0.7888186066605218,0.2111813933394781,8.026589836156623,6.049748912339165,1.9768409238174582,0.14679131944444446,0.5776372133210438
2022-05-12 11:00:00,1800.0,1801.0,1.7192793668425437,0.7869413592930758,0.21305864070692415,8.037940849763954,6.050093145422568,1.9878477043413867,0.14757447916666666,0.5738827185861517
2022-05-12 12:00:00,1800.0,1801.0,1.728547625659539,0.7850641119256297,0.2149358880743702,8.049291863371286,6.05043737850597,1.9988544848653151,0.1483576388888889,0.5701282238512596
2022-05-12 13:00:00,1800.0,1801.0,1.7378158844765341,0.7831868645581838,0.21681313544181624,8.060642876978617,6.0507816115893736,2.009861265389244,0.14914079861111113,0.5663737291163675
2022-05-12 14:00:00,1800.0,1801.0,1.7470841432935296,0.7813096171907377,0.2186903828092623,8.071993890585949,6.051125844672776,2.0208680459131725,0.14992395833333333,0.5626192343814753
2022-05-12 15:00:00,1800.0,1801.0,1.7563524021105248,0.7794323698232917,0.22056763017670838,8.083344904193279,6.0514700777561785,2.0318748264371007,0.15070711805555556,0.5588647396465832
2022-05-12 16:00:00,1800.0,1801.0,1.76562066092752,0.7775551224558456,0.22244487754415443,8.09469591780061,6.051814310839582,2.0428816069610294,0.1514902777777778,0.5551102449116911
2022-05-12 17:00:00,1800.0,1801.0,1.7748889197445152,0.7756778750883995,0.22432212491160047,8.106046931407942,6.052158543922984,2.053888387484958,0.1522734375,0.551355750176799
2022-05-12 18:00:00,1800.0,1801.0,1.7841571785615105,0.7738006277209535,0.22619937227904652,8.117397945015274,6.052502777006387,2.0648951680088863,0.15305659722222223,0.547601255441907
2022-05-12 19:00:00,1800.0,1801.0,1.793425437378506,0.7719233803535074,0.22807661964649256,8.128748958622605,6.052847010089789,2.075901948532815,0.15383975694444446,0.5438467607070149
2022-05-12 20:00:00,1800.0,1801.0,1.8026936961955011,0.7700461329860614,0.2299538670139386,8.140099972229937,6.053191243173193,2.0869087290567436,0.15462291666666667,0.5400922659721228
2022-05-12 21:00:00,1800.0,1801.0,1.8119619550124964,0.7681688856186153,0.23183111438138468,8.151450985837268,6.053535476256595,2.0979155095806723,0.1554060763888889,0.5363377712372306
2022-05-12 22:00:00,1800.0,1801.0,1.8212302138294918,0.7662916382511693,0.23370836174883075,8.162801999444598,6.053879709339998,2.1089222901046005,0.15618923611111113,0.5325832765023385
2022-05-12 23:00:00,1800.0,1801.0,1.830498472646487,0.7644143908837232,0.2355856091162768,8.17415301305193,6.054223942423401,2.119929070628529,0.15697239583333333,0.5288287817674464
2022-05-13 00:00:00,1800.0,1801.0,1.8397667314634822,0.7625371435162771,0.23746285648372284,8.185504026659261,6.0545681755068035,2.130935851152458,0.15775555555555557,0.5250742870325543
2022-05-13 01:00:00,1800.0,1801.0,1.8490349902804775,0.7606598961488311,0.23934010385116888,8.196855040266593,6.054912408590206,2.141942631676386,0.1585387152777778,0.5213197922976622
2022-05-13 02:00:00,1800.0,1801.0,1.8583032490974727,0.758782648781385,0.24121735121861493,8.208206053873925,6.055256641673609,2.1529494122003148,0.159321875,0.5175652975627701
2022-05-13 03:00:00,1800.0,1801.0,1.8675715079144681,0.756905401413939,0.24309459858606097,8.219557067481254,6.055600874757012,2.1639561927242434,0.16010503472222223,0.513810802827878
2022-05-13 04:00:00,1800.0,1801.0,1.8768397667314634,0.7550281540464929,0.24497184595350704,8.230908081088586,6.055945107840414,2.1749629732481717,0.16088819444444447,0.5100563080929859
2022-05-13 05:00:00,1800.0,1801.0,1.8861080255484586,0.7531509066790469,0.24684909332095312,8.242259094695918,6.056289340923818,2.1859697537721003,0.16167135416666667,0.5063018133580938
2022-05-13 06:00:00,1800.0,1801.0,1.895376284365454,0.7512736593116008,0.24872634068839916,8.25361010830325,6.05663357400722,2.196976534296029,0.1624545138888889,0.5025473186232017
2022-05-13 07:00:00,1800.0,1801.0,1.9046445431824492,0.7493964119441547,0.2506035880558452,8.26496112191058,6.056977807090623,2.2079833148199572,0.16323767361111113,0.4987928238883096
2022-05-13 08:00:00,1800.0,1801.0,1.9139128019994445,0.7475191645767088,0.25248083542329125,8.276312135517912,6.057322040174025,2.218990095343886,0.16402083333333334,0.4950383291534175
2022-05-13 09:00:00,1800.0,1801.0,1.9231810608164397,0.7456419172092627,0.2543580827907373,8.287663149125244,6.0576662732574285,2.2299968758678146,0.16480399305555557,0.4912838344185254
2022-05-13 10:00:00,1800.0,1801.0,1.932449319633435,0.7437646698418167,0.25623533015818334,8.299014162732574,6.058010506340831,2.241003656391743,0.1655871527777778,0.48752933968363327
2022-05-13 11:00:00,1800.0,1801.0,1.9417175784504304,0.7418874224743706,0.25811257752562944,8.310365176339905,6.058354739424233,2.2520104369156715,0.1663703125,0.4837748449487412
2022-05-13 12:00:00,1800.0,1801.0,1.9509858372674256,0.7400101751069246,0.2599898248930755,8.321716189947237,6.058698972507637,2.2630172174396,0.16715347222222224,0.48002035021384903
2022-05-13 13:00:00,1800.0,1801.0,1.9602540960844208,0.7381329277394785,0.2618670722605215,8.333067203554569,6.059043205591039,2.274023997963529,0.16793663194444444,0.47626585547895695
2022-05-13 14:00:00,1800.0,1801.0,1.9695223549014163,0.7362556803720324,0.26374431962796757,8.3444182171619,6.059387438674442,2.285030778487457,0.16871979166666667,0.47251136074406486
2022-05-13 15:00:00,1800.0,1801.0,1.9787906137184115,0.7343784330045864,0.2656215669954136,8.35576923076923,6.059731671757845,2.2960375590113857,0.16950295138888888,0.46875686600917277
2022-05-13 16:00:00,1800.0,1801.0,1.9880588725354067,0.7325011856371403,0.26749881436285966,8.367120244376562,6.060075904841248,2.3070443395353144,0.1702861111111111,0.4650023712742807
2022-05-13 17:00:00,1800.0,1801.0,1.997327131352402,0.7306239382696943,0.2693760617303057,8.378471257983893,6.06042013792465,2.318051120059243,0.17106927083333334,0.46124787653938853
2022-05-13 18:00:00,1800.0,1801.0,2.006595390169397,0.7287466909022482,0.2712533090977518,8.389822271591225,6.060764371008053,2.3290579005831713,0.17185243055555555,0.45749338180449645
2022-05-13 19:00:00,1800.0,1801.0,2.0158636489863926,0.7268694435348022,0.2731305564651978,8.401173285198556,6.061108604091456,2.3400646811071,0.17263559027777778,0.45373888706960436
2022-05-13 20:00:00,1800.0,1801.0,2.025131907803388,0.7249921961673561,0.2750078038326439,8.412524298805888,6.061452837174858,2.3510714616310286,0.17341875,0.4499843923347122
2022-05-13 21:00:00,1800.0,1801.0,2.034400166620383,0.72311494879991,0.27688505120008994,8.42387531241322,6.061797070258262,2.362078242154957,0.17420190972222221,0.4462298975998201
2022-05-13 22:00:00,1800.0,1801.0,2.0436684254373785,0.721237701432464,0.278762298567536,8.43522632602055,6.062141303341664,2.3730850226788855,0.17498506944444445,0.44247540286492804
2022-05-13 23:00:00,1800.0,1801.0,2.052936684254374,0.7193604540650179,0.2806395459349821,8.446577339627881,6.062485536425067,2.384091803202814,0.17576822916666668,0.4387209081300359
2022-05-14 00:00:00,1800.0,1801.0,2.062204943071369,0.7174832066975719,0.28251679330242807,8.457928353235213,6.06282976950847,2.3950985837267424,0.17655138888888888,0.4349664133951438
2022-05-14 01:00:00,1800.0,1801.0,2.071473201888364,0.7156059593301258,0.28439404066987417,8.469279366842544,6.063174002591873,2.406105364250671,0.17733454861111111,0.4312119186602517
2022-05-14 02:00:00,1800.0,1801.0,2.0807414607053594,0.7137287119626798,0.28627128803732016,8.480630380449876,6.063518235675275,2.4171121447746,0.17811770833333335,0.4274574239253596
2022-05-14 03:00:00,1800.0,1801.0,2.090009719522355,0.7118514645952337,0.28814853540476626,8.491981394057206,6.0638624687586775,2.428118925298528,0.17890086805555555,0.4237029291904675
2022-05-14 04:00:00,1800.0,1801.0,2.09927797833935,0.7099742172277876,0.2900257827722123,8.503332407664537,6.064206701842081,2.4391257058224567,0.17968402777777778,0.4199484344555754
2022-05-14 05:00:00,1800.0,1801.0,2.1085462371563453,0.7080969698603417,0.29190303013965835,8.514683421271869,6.064550934925483,2.4501324863463854,0.18046718750000001,0.4161939397206833
2022-05-14 06:00:00,1800.0,1801.0,2.1178144959733407,0.7062197224928956,0.29378027750710445,8.5260344348792,6.064895168008886,2.4611392668703136,0.18125034722222222,0.41243944498579116
2022-05-14 07:00:00,1800.0,1801.0,2.1270827547903357,0.7043424751254496,0.29565752487455044,8.537385448486532,6.065239401092289,2.4721460473942423,0.18203350694444445,0.40868495025089907
2022-05-14 08:00:00,1800.0,1801.0,2.136351013607331,0.7024652277580035,0.29753477224199654,8.548736462093864,6.065583634175692,2.483152827918171,0.18281666666666668,0.404930455516007
2022-05-14 09:00:00,1800.0,1801.0,2.1456192724243266,0.7005879803905575,0.2994120196094425,8.560087475701195,6.065927867259094,2.4941596084420996,0.1835998263888889,0.4011759607811149
2022-05-14 10:00:00,1800.0,1801.0,2.1548875312413216,0.6987107330231114,0.3012892669768886,8.571438489308525,6.0662721003424975,2.505166388966028,0.18438298611111112,0.39742146604622275
2022-05-14 11:00:00,1800.0,1801.0,2.164155790058317,0.6968334856556653,0.30316651434433467,8.582789502915857,6.0666163334259,2.5161731694899565,0.18516614583333335,0.39366697131133066
2022-05-14 12:00:00,1800.0,1801.0,2.1734240488753125,0.6949562382882193,0.3050437617117807,8.594140516523188,6.0669605665093025,2.527179950013885,0.18594930555555556,0.38991247657643857
2022-05-14 13:00:00,1800.0,1801.0,2.1826923076923075,0.6930789909207732,0.3069210090792268,8.60549153013052,6.067304799592706,2.538186730537814,0.1867324652777778,0.3861579818415464
2022-05-14 14:00:00,1800.0,1801.0,2.191960566509303,0.6912017435533272,0.3087982564466728,8.616842543737851,6.067649032676108,2.549193511061742,0.18751562500000002,0.38240348710665434
2022-05-14 15:00:00,1800.0,1801.0,2.2012288253262984,0.6893244961858811,0.3106755038141189,8.628193557345181,6.067993265759511,2.5602002915856708,0.18829878472222222,0.37864899237176225
2022-05-14 16:00:00,1800.0,1801.0,2.2104970841432934,0.6874472488184351,0.3125527511815649,8.639544570952513,6.068337498842913,2.5712070721095994,0.18908194444444443,0.37489449763687016
2022-05-14 17:00:00,1800.0,1801.0,2.2197653429602884,0.685570001450989,0.314429998549011,8.650895584559844,6.068681731926317,2.5822138526335277,0.1898651041666667,0.371140002901978
2022-05-14 18:00:00,1800.0,1801.0,2.229033601777284,0.6836927540835429,0.31630724591645704,8.662246598167176,6.069025965009719,2.5932206331574563,0.1906482638888889,0.36738550816708593
2022-05-14 19:00:00,1800.0,1801.0,2.2383018605942793,0.6818155067160969,0.3181844932839031,8.673597611774507,6.069370198093122,2.604227413681385,0.1914314236111111,0.36363101343219384
2022-05-14 20:00:00,1800.0,1801.0,2.2475701194112743,0.6799382593486508,0.3200617406513492,8.684948625381839,6.069714431176525,2.6152341942053132,0.19221458333333336,0.3598765186973017
2022-05-14 21:00:00,1800.0,1801.0,2.2568383782282697,0.6780610119812048,0.32193898801879517,8.69629963898917,6.0700586642599275,2.626240974729242,0.19299774305555556,0.3561220239624096
2022-05-14 22:00:00,1800.0,1801.0,2.266106637045265,0.6761837646137587,0.32381623538624127,8.7076506525965,6.07040289734333,2.6372477552531706,0.19378090277777776,0.3523675292275175
2022-05-14 23:00:00,1800.0,1801.0,2.27537489586226,0.6743065172463127,0.32569348275368726,8.719001666203832,6.070747130426733,2.648254535777099,0.1945640625,0.34861303449262543
2022-05-15 00:00:00,1800.0,1801.0,2.2846431546792556,0.6724292698788666,0.32757073012113336,8.730352679811164,6.071091363510136,2.6592613163010275,0.19534722222222223,0.3448585397577333
